[gd_scene load_steps=14 format=2]

[ext_resource path="res://Maps/map_10/map_10_7.JPG" type="Texture" id=1]
[ext_resource path="res://WorldEnvironment.tscn" type="PackedScene" id=2]
[ext_resource path="res://bgControl.gd" type="Script" id=3]
[ext_resource path="res://map10_3.gd" type="Script" id=4]
[ext_resource path="res://Frisbee.tscn" type="PackedScene" id=5]
[ext_resource path="res://frisbee_land.wav" type="AudioStream" id=6]

[sub_resource type="BoxShape" id=1]
extents = Vector3( 0.465715, 1, 1.4185 )

[sub_resource type="CylinderShape" id=2]
radius = 1.01563
height = 2.21106

[sub_resource type="SpatialMaterial" id=3]
albedo_color = Color( 0.423529, 0.470588, 0.870588, 1 )

[sub_resource type="CylinderShape" id=4]
radius = 0.460381
height = 1.25803

[sub_resource type="BoxShape" id=5]
extents = Vector3( 2.64344, 15.4947, 22.8805 )

[sub_resource type="BoxShape" id=6]
extents = Vector3( 3.8156, 15.8283, 24.6317 )

[sub_resource type="Environment" id=7]
background_mode = 4
ambient_light_color = Color( 1, 1, 1, 1 )

[node name="map10_3" type="Spatial"]
transform = Transform( -4.37114e-08, 0, -1, 0, 1, 0, 1, 0, -4.37114e-08, 0, 0, 0 )
script = ExtResource( 4 )

[node name="StaticBody" type="StaticBody" parent="."]
transform = Transform( 1, -1.58402e-15, 1.05398e-14, 0, 0.988894, 0.148621, -1.06581e-14, -0.148621, 0.988894, -2.01823e-17, 0.0574145, -0.0018936 )

[node name="CollisionShape" type="CollisionShape" parent="StaticBody"]
transform = Transform( 50, -4.73147e-22, 8.13152e-20, 2.03288e-20, 0.988164, -3.068, -1.0842e-19, 0.1534, 19.7634, 4.96308e-24, -5.3395, -0.954541 )
shape = SubResource( 1 )

[node name="CollisionShape3" type="CollisionShape" parent="StaticBody"]
transform = Transform( 0.37915, -3.12674e-21, 2.5411e-21, -1.74701e-21, 0.461192, -0.0494817, -1.94818e-20, 0.0650297, 0.350926, -0.505132, -1.9652, -5.22808 )
shape = SubResource( 2 )

[node name="CSGCylinder" type="CSGCylinder" parent="StaticBody/CollisionShape3"]
height = 2.25291
material = SubResource( 3 )

[node name="map10fspy" type="Camera" parent="."]
transform = Transform( 0.999243, -0.0119752, 0.0370273, 0.00779036, 0.993771, 0.111166, -0.0381279, -0.110794, 0.993112, -0.0599428, -3.48428, 1.61063 )
current = true
fov = 65.638
near = 0.1
far = 100000.0

[node name="DirectionalLight" type="DirectionalLight" parent="."]
transform = Transform( 1, 0, 1.06581e-14, 0, 1, 0, -1.06581e-14, 0, 1, -37.6059, 63.8154, -132.386 )

[node name="GoalArea" type="Area" parent="."]

[node name="CollisionShape" type="CollisionShape" parent="GoalArea"]
transform = Transform( 1, 0, 0, 0, 1, 0, 0, 0, 1, -0.504035, -2.6586, -4.92755 )
shape = SubResource( 4 )

[node name="OutOfMapArea" type="Area" parent="."]
transform = Transform( 1, 0, 0, 0, 1, 0, 0, 0, 1, -16.1959, 0, -21.0708 )

[node name="CollisionShape" type="CollisionShape" parent="OutOfMapArea"]
transform = Transform( 0.676979, 0, -0.736003, 0, 1, 0, 0.736003, 0, 0.676979, 3.40498, -3.1322, 12.5449 )
shape = SubResource( 5 )

[node name="CollisionShape2" type="CollisionShape" parent="OutOfMapArea"]
transform = Transform( 0.672948, 0, 0.73969, 0, 1, 0, -0.73969, 0, 0.672948, 27.9967, 0, 14.0184 )
shape = SubResource( 6 )

[node name="WorldEnvironment" parent="." instance=ExtResource( 2 )]
environment = SubResource( 7 )

[node name="bgControl2" type="Control" parent="WorldEnvironment"]
margin_right = 40.0
margin_bottom = 40.0
script = ExtResource( 3 )
__meta__ = {
"_edit_use_anchors_": false
}

[node name="bgSprite" type="Sprite" parent="WorldEnvironment/bgControl2"]
position = Vector2( 2020.44, 1511.47 )
texture = ExtResource( 1 )

[node name="Frisbee" parent="." instance=ExtResource( 5 )]
transform = Transform( 1, 0, 0, 0, 1, 0, 0, 0, 1, -2.823e-10, -3.51692, -0.00645828 )

[node name="thud" type="AudioStreamPlayer" parent="."]
stream = ExtResource( 6 )
volume_db = 22.061

[connection signal="body_entered" from="GoalArea" to="." method="_on_GoalArea_body_entered"]
[connection signal="body_entered" from="OutOfMapArea" to="." method="_on_OutOfMapArea_body_entered"]
